[26460.683081] [Project1] 7753 1588173622.284744812 1588173623.460079807
[26463.086402] [Project1] 7754 1588173624.568541661 1588173625.863469585
[26465.398722] [Project1] 7755 1588173626.966911669 1588173628.175856727
[26467.662078] [Project1] 7756 1588173629.251039536 1588173630.439280538
[26469.951816] [Project1] 7757 1588173631.520790953 1588173632.729072665
[26472.191155] [Project1] 7758 1588173633.799766573 1588173634.968472507
[26474.601054] [Project1] 7759 1588173636.158558653 1588173637.378454159
[26476.878449] [Project1] 7760 1588173638.452335198 1588173639.655973580
[26479.089013] [Project1] 7761 1588173640.727333671 1588173641.866681595
[26481.341187] [Project1] 7762 1588173642.938439394 1588173644.118996569
