[15195.016475] [Project1] 5359 1588082747.726380410 1588082748.865965790
[15197.255221] [Project1] 5360 1588082749.948386430 1588082751.104816330
[15199.659904] [Project1] 5361 1588082752.257977793 1588082753.509621473
[15201.875558] [Project1] 5362 1588082754.589388850 1588082755.725377254
[15204.105869] [Project1] 5363 1588082756.809725433 1588082757.955802938
[15206.397785] [Project1] 5364 1588082759.040751286 1588082760.247840831
[15208.688349] [Project1] 5365 1588082761.327029709 1588082762.538521271
[15210.945801] [Project1] 5366 1588082763.643863788 1588082764.796084004
[15213.177558] [Project1] 5367 1588082765.893723406 1588082767.027948781
[15215.463493] [Project1] 5368 1588082768.114068820 1588082769.313997724
